E 1 2 90
E 1 3 135
E 1 12 220
E 2 3 70
E 2 4 180
E 3 4 115
E 3 6 200
E 3 7 125
E 3 8 140
E 3 12 285
E 4 5 225
E 4 6 80
E 5 6 140
E 5 11 145
E 5 20 415
E 6 8 135
E 6 9 80
E 6 11 140
E 7 8 100
E 7 12 160
E 7 13 125
E 7 14 70
E 8 14 110
E 8 10 95
E 8 9 70
E 8 15 185
E 9 11 115
E 9 15 125
E 10 14 100
E 10 15 105
E 10 18 185
E 11 15 80
E 11 20 225
E 12 13 60
E 12 21 370
E 12 22 270
E 12 23 195
E 13 23 160
E 13 17 70
E 13 14 80
E 14 17 120
E 14 18 200
E 15 16 75
E 15 20 175
E 15 28 320
E 16 19 110
E 16 18 150
E 17 23 100
E 17 18 75
E 18 23 130
E 18 26 250
E 18 27 180
E 18 28 175
E 18 19 105
E 19 28 110
E 20 28 200
E 20 29 422
E 21 22 80
E 21 25 170
E 21 24 220
E 22 23 60
E 22 25 140
E 23 25 165
E 23 26 165
E 24 25 100
E 24 29 290
E 25 26 145
E 26 27 70
E 26 29 160
E 27 29 200
E 27 28 60
E 28 29 215
END

T 29
T 2
T 13
T 16
T 27
T 1
T 20
T 15
T 18
T 25
T 4
T 10
T 18