1, 2;90
1, 3;135
1, 12;220
2, 3;70
2, 4;180
3, 4;115
3, 6;200
3, 7;125
3, 8;140
3, 12;285
4, 5;225
4, 6;80
5, 6;140
5, 11;145
5, 20;415
6, 8;135
6, 9;80
6, 11;140
7, 8;100
7, 12;160
7, 13;125
7, 14;70
8, 14;110
8, 10;95
8, 9;70
8, 15;185
9, 11;115
9, 15;125
10, 14;100
10, 15;105
10, 18;185
11, 15;80
11, 20;225
12, 13;60
12, 21;370
12, 22;270
12, 23;195
13, 23;160
13, 17;70
13, 14;80
14, 17;120
14, 18;200
15, 16;75
15, 20;175
15, 28;320
16, 19;110
16, 18;150
17, 23;100
17, 18;75
18, 23;130
18, 26;250
18, 27;180
18, 28;175
18, 19;105
19, 28;110
20, 28;200
20, 29;422
21, 22;80
21, 25;170
21, 24;220
22, 23;60
22, 25;140
23, 25;165
23, 26;165
24, 25;100
24, 29;290
25, 26;145
26, 27;70
26, 29;160
27, 29;200
27, 28;60
28, 29;215
